C = 0.01
    0.6060
    0.3950
    0.4150
    0.4080
    0.4150

C = 1
    0.3810
    0.3000
    0.2920
    0.3170
    0.2880

C = 0.1 (1:5)
    0.4900
    0.4940
    0.4700
    0.4710
    0.5030

C = 0.1
    0.6750
    0.3980
    0.4220
    0.4090
    0.4250

C = 0.08
    0.5170
    0.4070
    0.4170
    0.4070
    0.4170

C = 0.12
    0.5180
    0.3860
    0.4060
    0.3950
    0.4090

C = 0.14
    0.5060
    0.3810
    0.3950
    0.3960
    0.4030

C = 0.2
    0.4730
    0.3770
    0.3640
    0.3730
    0.3700

C = 0.3
    0.4280
    0.3480
    0.3430
    0.3600
    0.3330

C = 0.4
    0.4180
    0.3350
    0.3340
    0.3490
    0.3200

C = 0.5
    0.4020
    0.3200
    0.3190
    0.3360
    0.3060

C = 0.6
    0.3930
    0.3180
    0.3080
    0.3300
    0.3060

C = 0.7
    0.3940
    0.3130
    0.3010
    0.3210
    0.3030

C = 0.8
    0.3880
    0.3070
    0.2940
    0.3160
    0.2990

C = 0.9
    0.3810
    0.3070
    0.2900
    0.3190
    0.2920